1.982686815
1.384504761
2.53755584
1.94550771
1.522421303
1.663657664
1.535355125
1.164147882
0.878544141
0.431466969
0.324865969
-1.010619745
-1.096373546
-2.031524135
-2.169660973
-1.480380964
-1.9179679
-1.638801493
-1.395777637
-1.441922067
-1.102523963
-1.100888024
-1.758188316
-1.532362849
-1.581615632
-2.082237949
-1.293499094
-1.185116533
-1.558147833
-0.411760888
-0.444270081
-0.823635304
-0.934980396
-0.40061638
-0.603118476
-1.369452108
-1.373293518
-1.337799258
-1.059295794
-1.545567677
-1.496636084
-1.040490669
-1.258487087
-1.334132454
-0.722682863
-0.585423022
-1.152891987
-0.540368855
-0.070382916
-0.481216962
-0.260794399
-0.970697286
-0.567955028
0.564105213
1.049583674
0.946761846
2.142902701
1.71946873
1.204733329
2.122591325
1.362752374
0.534451909
0.646303898
0.445624725
-0.195570904
0.525566448
-0.095208298
0.196608237
-0.069885989
-0.287751907
-0.388491975
-0.142133686
-0.335660869
-0.365659008
0.30741545
-0.578467541
-0.389375712
-0.412843036
-0.289776369
-0.23427317
-0.492777917
-0.335353591
-0.205886934
-0.18750813
-0.092717953
-0.632899958
0.391333885
0.340233662
0.235899529
0.246497231
0.162671135
0.299981747
0.357844789
0.082085406
0.206811539
0.38828462
0.12960657
0.069197723
0.430983715
-0.097571561
0.363858515
0.200897209
0.466807116
0.496068475
1.234933529
1.745460575
1.387807675
2.655480067
3.143063473
2.922096431
3.0205251
3.170174567
2.970670574
3.192680016
3.952806817
2.208576153
1.907425201
0.700800237
0.473012514
-0.582406763
-2.1053666
-1.468708599
-2.54654213
-2.200860963
-3.606301149
-4.625557674
-4.474273959
-4.777440611
-2.983609478
-3.082803872
-3.159739177
-1.024761885
-1.557589411
-1.005700974
-2.138057814
-1.433803473
-0.75355111
0.522118207
-0.500748371
0.400121262
-0.225486887
0.208523207
-1.099708649
0.373190473
-0.124939525
0.342903674
1.571264659
1.260107118
1.661663983
1.864970254
2.181054874
2.101167253
0.756528577
0.120002691
0.91503122
3.070226286
2.941188062
2.697243494
2.370291715
1.973338062
1.396152106
2.467744335
2.347916448
2.381409747
1.620846603
1.40036943
1.021739976
2.180297535
1.307633636
1.383872008
1.077044299
1.222060926
0.856627459
2.011997369
0.818376481
0.338806357
0.829568668
1.168570603
0.339633835
1.003764578
0.316698613
-0.02283795
-0.928072515
-0.993861579
-1.091608059
-2.409934889
-1.741527064
-2.566627823
-0.931155693
-2.302202347
-3.296366738
-1.990260879
-2.598503243
-1.037300741
-1.191227471
-0.991219148
0.767471514