56.92720424
93.97034081
51.59967852
107.6215575
206.192715
56.53939587
-9.948519639
86.58969512
-43.46290278
-28.81321817
-14.51669127
13.16878978
25.30487717
11.00398017
-52.28518053
-20.4425076
-92.78068332
-41.02694254
-63.46985944
-92.06476625
-64.66118374
-96.92191862
-36.39732195
-5.643827172
42.85386325
-12.71491172
11.58258878
17.73234964
-16.39875485
38.24454731
-15.75331987
38.60592469
37.22267077
4.315450931
57.82609858
58.39230374
47.79025616
-43.0313996
10.49231144
7.921047123
31.08418628
-1.291931915
16.0740684
1.759727497
-31.49493439
20.21204492
-14.61067848
35.6619957
-7.841360814
-14.90525415
-6.13494231
-32.07532085
21.79443811
-15.24054763
59.68850509
46.84657312
78.78245429
80.63378525
102.7063117
16.43985548
10.27180131
-43.21347996
-32.88380001
-113.540448
-59.97975546
-67.85026537
-132.1823185
-87.85142651
-117.090028
-14.65185144
-62.2458658
-51.70890219
-33.81150526
-33.0480598
-5.773290432
-18.22746969
33.92275807
-70.65497199
-41.13232103
-12.03794728
-1.204886108
23.79959789
28.56292233
29.95565719
29.89324033
47.53016625
3.013487045
-9.852465038
12.96883659
-32.34628491
0.939263111
-35.82697984
-36.68783722
-18.67210683
-17.93873974
-46.90827582
-36.09980557
-78.20715983
-47.50497049
-87.59611438
-29.98534054
-55.69656927
13.23721598
37.17671754
14.47063587
122.8775048
124.8310319
66.57645258
59.07725743
50.67482123
76.76392849
89.77622916
93.58979905
98.59924708
24.43667328
4.338121788
-17.98791183
-58.6935575
29.85838986
-63.194597
-18.65273211
-15.41083255
33.16160201
-242.9069333
-173.6584911
104.5309371
90.27719586
116.4468895
0.028275069
-13.2957191
-19.31368758
41.31082809
-87.05225194
-76.73872259
-74.22710537
-24.44066274
45.82670972
2.524820136
4.705760768
27.56780817
2.239789047
159.4713719
167.8394684
-12.27964294
-22.90953459
-5.011259794
-63.90253011
-88.71438664
-68.37661996
-101.4723669
80.32377405
-6.90290236
-44.76965121
48.36758394
-35.20697173
-37.90824772
-30.53259277
-71.85805574
-42.99992696
5.397685071
84.33823576
101.8518952
93.37399217
12.0500865
13.44462625
83.45652398
36.51339435
42.84682965
13.32211373
34.35312219
74.26880489
17.00468183
27.23884294
30.47164304
-139.3145248
-47.21843405
28.48431619
37.38828186
34.59316995
-66.43844427
-26.89651686
-8.27896005
22.92660376
-140.0323356
-48.95645285
-28.56184949
-93.17727047
34.97084135
-103.7404429
-140.3872694
-95.51904786
-122.4044098
-120.3201119
45.06353876
106.0462714
239.6748969
250.3337064