31.3813285
26.14582908
15.33777841
31.75431029
66.54654894
34.57988548
8.385385717
13.191345
-27.09875919
-7.936716183
-9.462487644
-5.046252703
-0.534801701
13.34557389
-2.393003356
-2.112793945
-27.30410929
4.356507597
-24.18071312
-29.19241661
-11.61318414
-52.91416891
-8.148670413
-7.082836307
2.985897905
5.194601712
7.774929699
-4.408788816
2.472244343
2.743888445
-10.62295529
16.19574208
10.75054402
0.646154191
12.57250196
15.90494119
-0.696362191
-32.41301182
10.59044212
13.16084085
17.38272194
21.39541957
19.87718102
17.23473877
1.09138129
3.644303372
-2.520548553
-1.662867917
2.72879286
5.548882705
-6.180913443
-19.56113334
13.34117626
-13.89194262
18.0442684
40.33200646
24.88541705
26.26265461
28.17949084
5.483114913
6.472757414
-10.72937566
-6.758872141
-38.35948953
-40.34448908
-31.72175709
-48.82845535
-31.49590284
-41.51189134
-19.149976
-38.76147503
-9.230903042
-23.44865426
-7.953775051
-1.541219258
-11.79140999
14.27225458
-15.86533407
-15.3213571
-9.238543584
2.218312681
7.280485749
11.72341878
15.70231899
16.3111859
12.52430735
-2.260888249
-3.382984058
3.765630335
-6.668710495
-3.015138149
1.36335633
-4.874391986
0.24562601
4.449314515
-13.53061143
-0.076711722
-20.40826974
-14.60242339
-17.56578458
-8.63636426
-3.961060015
6.034359933
14.49802928
-3.787173231
30.1473454
25.69491578
18.6581982
2.198157888
4.959165655
20.38002
30.54163229
17.54426117
21.79260251
19.08748046
-3.055441657
-11.13400046
-11.33813364
11.02592019
-22.03059011
-22.16651267
11.3154396
14.65298001
-78.46743307
-32.72628245
21.28732031
19.66697479
34.16229806
2.084019098
8.43304486
12.76731846
19.87465488
-30.2799478
-22.3397181
-1.027370537
-26.43843622
-10.87327462
-11.44755879
-24.22920726
7.537851924
-15.75489634
53.98040373
46.4161741
-22.7214242
1.730071114
5.697577224
-31.1457909
-16.47367261
-7.160936977
-29.49401489
39.5301368
12.80123013
-17.5065864
26.14563599
13.27521352
-22.21753381
-6.461883733
-9.638407791
-6.476885184
22.62474886
39.25955343
53.4804426
39.97641762
9.709858358
-9.507391732
25.29520603
-10.83203739
-4.729241725
5.912538277
14.65885478
21.8031966
1.417232604
7.858543467
8.521381542
-46.94869559
-55.45377467
-2.453523147
16.67178272
-27.06399952
-14.62583505
-26.8989645
-4.603926241
-13.73793876
-48.57260535
-8.402243968
-22.58066301
-51.00967608
-1.26613884
-22.85011646
-18.79159726
-8.730838244
-31.99011095
-17.21927994
2.233534303
58.09626391
80.37165954
88.61790838