1.533907149
-0.692093353
-2.676776035
-1.90524677
-1.573669891
-0.09029061
-0.867811196
0.799904795
1.887281728
2.477846122
1.254732275
1.968399074
1.138303655
-0.436032763
-1.66021715
-1.907924852
-1.923046498
0.412385997
-0.935212239
0.626131603
0.344741703
0.757801484
1.386714789
-0.324472498
-0.003139396
1.430798086
0.829424244
-1.254380151
-1.118862579
-0.367101617
0.966595958
0.210046899
-0.574021832
-1.219475154
-0.32791925
0.377082927
0.669516582
0.969610423
-0.168631351
-0.427717863
-0.078431813
-0.468993912
0.637681233
0.878906146
1.43255767
1.790341458
0.551461089
0.7643148
2.257589645
1.732353314
-0.867256208
-1.488921975
-3.464729161
-1.862686276
-3.350388417
-3.779321594
-1.979170913
-2.220477055
-1.551877929
1.01611513
2.228737434
2.807343331
4.073768594
4.133178772
2.144073666
0.527915056
1.679769857
-0.209307524
-0.013664338
-0.535611943
0.043928836
-0.349716554
1.058461989
0.245315924
-0.088914626
-0.344139651
-0.245828258
-1.740146848
-2.244992497
-0.726501739
-1.218705817
-0.010918338
-0.641222222
-1.437293879
-0.220548123
-1.739067485
-1.053439477
-1.131720799
-1.385596965
0.169030166
-1.296365801
-1.167684683
-1.788957698
-0.294056638
-0.512816742
0.504469473
0.719491055
0.92417386
0.598573478
1.989057183
1.46066117
1.322212228
2.188870397
0.407266208
0.349184645
0.17692825
-0.256363085
-0.009802369
1.169322234
1.386042917
1.935149744
1.915111554
0.649454946
1.72841441
-1.204753061
-1.73277576
-1.232379119
-1.7715465
-1.81314005
0.82396347
0.202098651
-1.47650357
-0.787375531
-1.079093846
-1.247039421
1.415475394
1.30645031
1.520797876
2.724402469
0.866343619
0.970429267
0.022888961
0.222876566
-0.253303082
-0.796839615
-0.733791871
-3.27551705
-1.272932225
-3.473139855
-3.54011969
-0.339795474
0.080998642
4.43E-06
0.848652677
1.483367209
1.616522833
1.000849847
0.666391504
1.111350481
-0.533571838
0.513118961
1.104942436
1.14819207
1.723920734
0.463201848
-0.61174414
-0.137666561
1.470595584
0.235125093
1.507315918
1.658272267
0.170696059
-0.887509516
-0.718406345
-0.609270838
-0.104905621
0.257635848
-0.300399746
-1.192549193
-0.076575446
0.303147999
-0.986032845
-0.240877793
-2.000106469
-0.423983493
0.124054167
-1.512834234
-1.741495063
-0.017139758
-0.270851383
-0.79073328
1.598260051
0.575223495
1.324218354
0.712052654
-0.735247603
1.681059429
0.619799948
-1.627777178
-1.02302089
-0.912934765
1.026520092
0.460690884
-0.328713249
0.892389752
0.655024207
-1.00666008