-5.765356047
-15.21686804
-20.15885437
17.29504878
-14.15374333
-7.795948956
8.419360628
-19.3473221
-2.780413974
-19.53768569
6.64921336
-3.093340195
5.627675862
-7.188360972
-2.175020192
-1.234210986
-7.237825402
-9.286681012
0.85520006
4.717305767
-4.651684544
-12.73320486
-9.972904642
-17.59573203
-0.376501403
-10.25461657
-6.344963322
-1.888781205
-1.954363717
9.648314065
-14.92876624
1.985248316
6.945590839
-1.619448703
2.08435982
-3.750193214
8.183541334
-2.240222201
3.255909645
22.99545686
6.863397117
11.68384066
5.695089345
26.82415906
24.14594939
4.438192983
15.21877675
20.43280601
20.88958303
14.82159448
7.265434101
-0.817579957
0.272018094
-10.12149275
-4.745177611
-2.58469875
-13.29602449
-10.8503852
-9.749460258
-0.122137967
0.640147885
12.6407434
5.300474939
3.355688434
7.775005526
12.3603506
8.398015318
15.02631361
21.95019922
23.00671435
14.6315976
7.766853804
2.79351763
4.743441317
4.606336714
4.217108238
-4.042452596
5.859881391
-2.31716706
-3.021507029
-0.993092898
-1.36589191
-1.298584305
-5.583294101
-5.93589327
-6.688239224
-2.918191077
-9.270092941
-4.130294535
-0.843399321
-0.243253192
-2.206575311
-2.035394989
6.622999659
-3.395883157
-3.525540702
-7.53225062
-12.37885432
-1.592182668
-8.782740467
-8.092713456
-3.319060384
-7.436750683
-18.44111491
-22.26314999
-24.08407014
-17.79179654
-7.277294564
-10.26613223
-3.493153829
-9.091040832
-8.65894148
-14.39309865
-6.924671467
-9.170905342
-20.66272806
-17.45827171
-19.3435079
-4.017762787
-6.849148034
-5.164714974
6.428448183
-0.61650375
28.14395873
43.64859392
18.97393247
18.51671956
16.88150635
15.69407987
26.66240943
18.57333485
21.81245159
11.92813673
15.69662388
17.16122815
-17.68514278
-11.21390966
-22.31292513
-7.962205385
-14.29988575
-27.22216425
-17.76441684
-17.63283701
-20.95998421
-11.51230524
-8.974090605
-15.98991438
-18.77718274
-9.719929695
-4.0074002
3.720683513
4.995595505
-25.84207621
-9.486942228
10.41584857
0.709154213
9.957680078
1.578566015
-4.103656599
-14.56907614
-4.755890425
-0.441806287
2.788105058
-4.653804844
9.451886798
-5.744940641
8.03369416
-8.466256733
-11.92230596
7.895135277
-0.553763424
14.34446165
7.986405025
15.95430292
16.78177452
10.49405455
15.30649147
30.6415384
20.9180604
34.65193954
4.822113877
18.77254263
10.7556355
17.41208698
-0.837446765
26.65499217
-3.343218185
-3.253280694
20.60774859
12.71264561
-1.313272563
6.914373618
-9.022364951
-18.9557718
-23.08733984
-4.169416918
-23.37479164