8.464019291
11.85575415
3.042851587
17.31594656
13.47068538
13.28915633
10.18204978
7.612447302
0.49040745
-1.276093582
0.292469085
-0.480052166
-9.637958281
-0.974202249
-6.432039159
-4.50669212
-7.81914822
-1.652634743
-5.815507744
-9.182363896
-10.49347755
-10.81459629
-6.365162985
-2.541588046
-0.749137312
4.008337142
1.67824515
0.265673571
-9.135989214
1.421123148
-3.168009628
2.043703628
-0.474520834
4.119490727
10.09938392
8.853458043
3.996505034
-0.087069463
-5.94289038
5.606758993
1.820291355
-3.079748693
6.838829201
8.644660701
0.514035261
2.255656041
-8.91665211
1.53704922
0.681339039
1.802002637
0.448264634
-4.234863441
-1.597925319
-2.696870626
7.586426325
13.97386612
11.93375329
15.67074463
6.93508696
3.533247678
-2.075955181
-6.497495744
-5.788087471
-9.414117445
-11.53714219
-4.860694108
-18.27195434
-12.1780738
-13.84321045
-11.18712806
-14.88862829
-10.1615731
-6.126172553
-9.092504247
-1.741859317
-5.45937054
-0.007233798
-7.254738263
-2.119619551
-2.563462183
-2.087632171
5.700712323
1.800007241
1.477488802
4.958050719
1.885725254
3.266527617
4.571015143
3.430243942
-0.386141373
2.649184218
3.848518433
-2.155044268
0.407582185
-0.101887107
-2.009063145
2.93619097
-4.238698904
0.915563204
-4.870628489
-1.804752873
-2.912984995
1.672173155
6.575361285
4.207626635
15.03741063
14.21868478
5.400067383
5.316285554
4.260240742
0.997373387
3.215283182
3.923570759
7.514607909
-0.921075885
-6.634741836
-6.264787407
-8.305138439
2.824304148
-0.174907326
-1.522380889
-4.570675961
3.820908169
-19.16940214
-20.79200787
8.996190182
12.1396666
4.226106111
9.775065966
-1.824330029
-2.502686491
11.7750188
-10.02018723
-4.123828118
-3.500740083
-10.37334824
4.750222552
13.50574972
0.531049968
-3.769801243
3.229320334
8.576379773
8.340899287
1.871783055
-2.751503043
-0.886243879
-14.10363372
-12.19165164
-0.888399087
-11.3097185
11.2988354
-1.414604283
-5.854128019
3.862826909
-10.49257938
1.74624626
-15.38391115
-10.69144985
-7.472109485
4.854326817
4.710241817
12.49670593
9.713047431
0.808729753
0.431789227
7.150432729
-0.71873999
5.487554511
7.224054088
9.767095009
11.36997594
4.305269386
0.563631141
11.58803533
2.832581664
-4.436364168
3.666307494
0.975662349
5.538006289
-0.331930298
-2.603388497
-1.049862761
-1.256756233
-9.386545675
-6.136810397
-3.882535698
-2.198551015
8.427751785
-6.381828985
-12.40008065
-15.02151427
-13.4926134
-9.172899851
-8.336256911
9.96665475
10.45997229
24.51443797