5.391393588
1.571658576
0.214620873
-0.693563389
-0.328376398
-2.096269577
-3.751197855
-2.458534151
-3.152328199
-3.309637484
-3.698244302
-2.946687742
-2.331834894
-3.074997055
-2.800801566
-2.23832091
-2.273141375
-2.697021974
-2.180780183
-2.828907358
-3.200106038
-2.591932333
-2.605305152
-3.155563579
-3.261277604
-3.18236094
-3.399057529
-3.291507803
-4.230646826
-3.788885143
-3.796358662
-3.742447146
-3.465634886
-2.743681628
-2.902867765
-1.504607706
-1.388083114
-1.355463329
-1.630950701
-0.647841095
-0.574749396
-0.472314639
-0.240401774
0.331875452
-0.754616404
0.449304032
0.388680571
0.619978282
1.264133345
1.858822022
2.664442127
2.783281212
2.77087545
3.095839902
3.245018044
3.400048447
3.570819556
3.739230761
3.990294205
3.706058228
3.76195437
3.575984801
3.571961016
3.378286182
3.52904495
3.370268831
3.294057812
3.346187147
2.936055735
2.568342278
2.855629274
2.267723072
2.504537355
2.033006036
1.94099543
2.04635437
1.83756905
2.310015244
2.60037191
1.766430116
1.564801403
1.684980848
1.373441803
1.103190908
1.420263487
1.029657125
1.059701483
1.340953972
1.514949505
1.647372712
1.886872595
1.607036877
1.720542618
1.881364627
1.49964053
1.683375439
1.213249734
1.637791904
1.649473796
1.043216371
1.300019219
0.867783709
0.647539485
0.411390215
0.336565905
-0.368828375
0.145287103
-0.761121821
-0.649492326
-0.69829765
-0.776913278
-1.379767321
-1.666946306
-2.324330816
-4.832155985
-2.900488249
-3.257627167
-3.09385881
-2.803384691
-1.837880336
-1.207895758
-2.626309954
-2.097151583
4.030986629
3.65993447
1.393902425
1.684673336
1.960435917
2.61700557
0.972338513
1.810692706
1.2463693
1.979603395
2.658736822
1.365315005
0.971621364
1.461022002
0.878875487
0.644250153
1.541981961
0.760360495
0.001528857
0.096305311
-0.099408325
1.546246649
0.45585276
0.792265725
0.482709268
-0.325240921
-1.193443286
-3.099987738
-2.156023173
-1.708507226
-2.28165002
-1.54633195
-1.921649491
-2.66412044
-2.395337521
-3.902474102
-2.197185365
-2.371758222
-2.977576644
-2.284387548
-2.067772273
-1.276443884
-0.462276468
-0.287133126
-2.797701026
-2.095046907
-2.269813283
-2.328692857
-0.964888121
-1.628334528
-2.77098343
-0.904550572
-0.746486163
-3.170675949
-3.36876298
-1.855624402
-0.50324346
-0.949789433
0.18736209
0.808741854
1.046973471
0.898418838
1.532909289
2.727772738
2.294844317
2.135224902
2.367508738
3.005324273
1.224818013
1.152257197
0.784941091
1.397797706
0.990584702
-0.00345275